766 20200111 1204699718 7304 338 112
8enet 20200716 2.3G 3124 258 139
ArcTropics 20200717 304M 5741 354 353
Artnoc1 20200116 202724849 13027 272 128
BuildAPKs 20200717 4.4G 25866 2031 1257
C-Aniruddh 20200717 5.3G 7854 672 221
CyanogenMod 20200721 12G 17021 1565 441
JetBrains 20200716 2.3G 5743 715 244
LineageOS 20200716 2.9G 8251 643 133
NickHardwood 20200116 1411223366 8506 355 107
Personalhomeman 20200803 23G 28698 693 124
Plain-Andy-legacy 20200721 5.4G 12861 768 283
Poussinou 20200827 11G 10013 1120 112
RemixPA 20210905 2.6G 4997 327 119
RickyBobby2nd 20200116 1054220081 6516 453 105
SDRausty 20200716 531M 8460 547 545
Siemnok 20210901 2.1G 4691 767 282
WJah 20191224 123232202 3361 333 169
aggarwalcode 20191225 53508622 5428 524 193
android-notes 20210422 2.0G 6861 452 181
androiddream 20191215 3766157447 14218 1093 241
aosp 20200109 1425079790 14726 402 145
aosp-mirror 20200721 3.5G 8930 1070 265
aporter 20191215 195436173 3310 306 251
bootstraponline 20191215 111336959 5408 287 140
btevepaugh 20200717 1.5G 5942 563 157
ccphan 20191215 53258813 2732 137 113
chenupt 20210504 2.7G 13220 362 103
commonsguy 20191215 87482027 14159 866 438
friederbluemle 20191214 1499656104 7146 755 120
gcantoni 20200717 4.6G 9286 586 189
google 20200718 8.1G 4020 511 140
googlesamples 20200716 971M 844 173 121
iAshishVerma 2019 755219476 3706 272 111
iBotPeaches 20191224 2290687453 6072 475 170
iGio90 20191224 2628874430 7838 532 177
konyan 20191224 1177067274 5078 414 115
lnmcc 20210905 8.3G 9841 819 359
mixi-inc 20191224 117776599 5057 217 145
ogaclejapan 20191225 127221579 2326 272 169
pyricau 20200827 6.0G 9132 557 198
sidn753 20200618 890162994 6239 544 224
sjemy811 20200711 535M 2760 332 105
taharushain 20200218 73739031 5807 507 227
thenewcircle 20200708 1.3G 5651 628 261
tigerjiang 20210905 476M 2439 332 113
vaginessa 20191217 14579201727 31098 5865 1362 
vijayrawatsan 20200428 95751929 3993 228 139
vogellacompany 20200116 1660112800 6658 341 208
wyssdbd 20200215 250590968 6030 752 642
yaosj2k 20210906 6.3G 7681 837 367
