Artnoc1 127303461 2282 259 124 
bootstraponline 89366884 3780 248 117 
CooLoongWu 380472315 1052 157 31 
corochann 727852085 1507 114 64 
Cuieney 158230295 480 82 15 
daimajia 83168855 774 92 19 
doomers 258038095 476 86 31 
h6ah4i 21574320 2017 73 10 
halogenOS 319731013 4497 327 75 
iAshishVerma 755219476 3706 272 111 
javiersantos 983431780 3153 236 89 
vogellacompany 110361929 4046 338 208 
guardianproject 460741227 2102 170 34 
gzu-liyujiang 58376553 2821 65 13 
570622566 1513837508 1823 544 68 
7heaven 109340233 394 76 19 
